# Vertex1 Vertex2 Label
0 2 
0 4 
0 9 
0 10 
0 15 
0 18 
0 21 
0 23 
0 25 
0 28 
0 29 
1 3 
1 9 
1 10 
1 11 
1 14 
1 25 
2 5 
2 13 
2 15 
2 18 
2 21 
2 27 
2 28 
3 10 
3 11 
3 14 
3 23 
4 8 
4 19 
4 20 
4 23 
4 29 
5 17 
5 18 
5 21 
5 22 
5 24 
5 28 
6 7 
6 12 
6 22 
7 12 
8 9 
8 10 
8 23 
8 25 
8 29 
9 10 
9 23 
9 25 
10 11 
10 14 
10 23 
10 25 
10 29 
11 14 
11 25 
13 15 
13 18 
13 21 
13 22 
13 24 
13 28 
15 18 
15 22 
15 28 
16 19 
16 26 
16 29 
17 24 
18 21 
18 22 
18 27 
18 28 
19 20 
19 26 
19 27 
19 29 
20 29 
21 22 
21 24 
21 26 
21 28 
22 24 
22 28 
22 29 
23 25 
26 27 
26 29 
27 28 
27 29 
