# Vertex1 Vertex2 Label
0 5 
0 13 
0 15 
0 20 
0 21 
0 22 
0 28 
0 38 
0 48 
0 49 
0 65 
0 67 
0 69 
0 83 
0 94 
1 3 
1 11 
1 41 
2 18 
2 38 
2 43 
2 54 
2 67 
2 69 
2 83 
3 11 
3 41 
3 57 
4 51 
4 59 
4 61 
4 73 
4 82 
5 22 
5 48 
5 69 
5 80 
6 12 
6 47 
6 49 
6 60 
6 89 
7 12 
7 49 
7 75 
7 85 
8 9 
8 23 
8 25 
8 32 
8 35 
8 56 
8 70 
8 77 
8 93 
8 95 
9 23 
9 35 
9 39 
9 70 
9 77 
9 79 
10 14 
10 35 
10 66 
10 79 
10 97 
10 99 
11 66 
11 97 
12 39 
12 45 
12 49 
12 62 
12 85 
13 15 
13 18 
13 26 
13 28 
13 38 
13 40 
13 65 
13 67 
13 69 
14 91 
14 97 
15 18 
15 26 
15 28 
15 38 
15 67 
16 37 
16 40 
16 43 
16 74 
16 90 
17 44 
17 88 
18 21 
18 22 
18 28 
18 38 
18 65 
18 69 
18 74 
18 94 
19 26 
19 36 
19 37 
19 40 
19 43 
19 58 
19 71 
20 29 
20 31 
20 51 
20 59 
20 81 
20 82 
21 22 
21 65 
21 69 
21 96 
22 69 
22 80 
22 94 
23 25 
23 32 
23 38 
23 56 
23 70 
23 95 
23 97 
23 98 
24 42 
24 48 
24 80 
24 86 
24 88 
24 96 
25 32 
25 77 
25 79 
25 95 
25 98 
26 29 
26 36 
26 40 
26 54 
26 58 
26 71 
26 72 
26 83 
26 84 
26 90 
27 33 
27 36 
27 38 
27 54 
27 55 
27 84 
28 38 
28 65 
28 67 
28 69 
28 84 
28 96 
29 31 
29 73 
29 81 
30 50 
30 52 
30 63 
30 64 
30 68 
30 78 
30 80 
30 87 
31 40 
31 58 
31 59 
31 81 
32 56 
32 70 
32 79 
32 88 
32 91 
32 95 
33 40 
33 54 
33 55 
33 72 
33 84 
34 62 
34 87 
34 88 
34 89 
35 70 
35 77 
35 79 
35 97 
36 71 
36 72 
36 76 
36 84 
36 90 
37 40 
37 43 
37 55 
37 58 
37 71 
37 72 
37 84 
37 90 
38 48 
38 67 
38 69 
38 88 
38 94 
39 46 
39 49 
40 43 
40 71 
40 72 
41 97 
42 44 
42 88 
42 96 
43 59 
43 81 
43 90 
44 88 
44 96 
45 49 
45 85 
46 68 
46 78 
47 62 
48 80 
48 86 
48 94 
49 75 
49 85 
50 53 
50 63 
51 59 
51 81 
51 82 
51 99 
52 63 
52 64 
52 68 
53 57 
54 72 
55 83 
55 84 
56 70 
58 71 
58 81 
58 90 
59 81 
59 82 
59 99 
60 96 
61 82 
62 89 
64 68 
65 69 
66 91 
67 69 
67 71 
69 80 
69 94 
70 77 
70 79 
70 93 
70 95 
71 84 
71 90 
72 81 
72 84 
72 90 
73 74 
73 93 
73 98 
73 99 
76 88 
76 90 
77 79 
77 92 
79 95 
84 90 
86 94 
88 96 
91 97 
93 98 
93 99 
98 99 
