# Vertex1 Vertex2 Label
0 10 
0 6 
0 1 
1 10 
1 6 
2 7 
2 4 
2 3 
3 7 
3 4 
4 7 
5 7 
5 6 
6 10 
6 7 
7 13 
7 9 
8 21 
8 20 
8 19 
8 17 
8 16 
8 15 
8 14 
8 13 
8 12 
8 11 
8 10 
8 9 
9 22 
9 21 
9 20 
9 19 
9 16 
9 15 
9 14 
9 12 
9 11 
10 22 
10 21 
10 20 
10 17 
10 16 
10 15 
10 14 
10 13 
10 12 
10 11 
11 22 
11 21 
11 20 
11 19 
11 17 
11 16 
11 15 
11 14 
11 13 
11 12 
12 22 
12 21 
12 20 
12 19 
12 17 
12 16 
12 15 
12 14 
12 13 
13 22 
13 21 
13 20 
13 19 
13 17 
13 16 
13 15 
13 14 
14 22 
14 21 
14 20 
14 19 
14 17 
14 16 
14 15 
15 22 
15 21 
15 20 
15 19 
15 18 
15 17 
16 22 
16 21 
16 20 
16 19 
16 17 
17 22 
17 21 
17 20 
17 19 
18 22 
18 19 
19 22 
19 21 
19 20 
20 22 
20 21 
21 22 
