# Vertex1 Vertex2 Label
0 39 
0 6 
0 17 
0 16 
0 3 
1 42 
1 41 
1 39 
1 34 
1 33 
1 27 
1 26 
1 24 
1 22 
1 21 
1 20 
1 19 
1 18 
1 15 
1 6 
1 5 
1 2 
1 35 
1 9 
1 3 
2 26 
2 21 
2 19 
2 6 
2 5 
2 3 
2 27 
2 20 
2 15 
2 7 
3 39 
3 31 
3 30 
3 29 
3 28 
3 27 
3 26 
3 24 
3 19 
3 18 
3 17 
3 16 
3 15 
3 9 
3 8 
3 7 
3 6 
3 5 
3 4 
3 42 
4 39 
4 28 
4 26 
4 24 
4 21 
4 20 
4 19 
4 7 
4 6 
4 5 
4 27 
4 15 
5 39 
5 26 
5 24 
5 21 
5 19 
5 18 
5 9 
5 7 
5 6 
5 27 
5 15 
6 41 
6 39 
6 33 
6 24 
6 21 
6 20 
6 19 
6 18 
6 9 
6 7 
6 35 
6 27 
6 26 
7 24 
7 19 
7 18 
7 15 
7 9 
7 8 
7 20 
8 44 
8 43 
8 42 
8 40 
8 35 
8 34 
8 31 
8 25 
8 11 
8 10 
8 9 
8 32 
8 26 
8 16 
9 44 
9 43 
9 42 
9 41 
9 40 
9 39 
9 35 
9 34 
9 31 
9 27 
9 26 
9 25 
9 24 
9 13 
9 11 
9 10 
9 32 
9 29 
9 21 
9 16 
10 44 
10 43 
10 42 
10 41 
10 34 
10 33 
10 29 
10 27 
10 26 
10 21 
10 20 
10 11 
11 42 
11 32 
12 45 
12 42 
12 41 
12 36 
12 35 
12 33 
12 13 
13 46 
13 45 
13 42 
13 40 
13 38 
13 37 
13 36 
13 35 
13 33 
13 25 
13 14 
13 44 
13 43 
13 41 
14 33 
14 25 
14 42 
14 41 
14 27 
15 41 
15 39 
15 34 
15 28 
15 27 
15 24 
15 23 
15 22 
15 21 
15 20 
15 19 
15 18 
15 35 
16 32 
16 31 
16 30 
16 29 
16 24 
17 26 
17 32 
17 31 
17 29 
18 41 
18 39 
18 33 
18 28 
18 19 
19 41 
19 39 
19 33 
19 26 
19 24 
19 22 
19 21 
19 20 
19 42 
19 27 
20 41 
20 33 
20 28 
20 27 
20 26 
20 24 
21 41 
21 39 
21 34 
21 33 
21 28 
21 27 
21 26 
21 24 
22 41 
22 35 
22 34 
23 41 
23 34 
24 42 
24 41 
24 34 
24 33 
24 28 
24 27 
24 26 
24 39 
24 35 
25 44 
25 43 
25 42 
25 41 
25 40 
25 37 
25 35 
25 34 
25 33 
25 27 
26 41 
26 39 
26 34 
26 33 
26 29 
26 28 
26 27 
27 46 
27 42 
27 41 
27 39 
27 38 
27 35 
27 34 
27 32 
27 29 
27 33 
27 28 
28 42 
28 41 
28 34 
28 33 
29 32 
29 31 
30 32 
30 31 
32 42 
32 34 
33 46 
33 45 
33 42 
33 41 
33 36 
33 35 
33 34 
34 44 
34 43 
34 42 
34 41 
34 39 
34 35 
35 46 
35 45 
35 42 
35 41 
35 36 
35 43 
36 46 
36 45 
36 41 
36 38 
36 37 
37 46 
37 45 
38 46 
38 45 
38 41 
40 44 
40 43 
41 46 
41 45 
41 42 
42 45 
42 43 
43 44 
45 46 
