# Vertex1 Vertex2 Label
0 2 
0 8 
0 11 
0 14 
0 15 
0 21 
0 23 
0 24 
0 28 
1 8 
1 12 
1 20 
1 25 
2 5 
2 8 
2 10 
2 21 
2 23 
2 24 
3 4 
3 6 
3 9 
3 20 
3 27 
4 6 
4 9 
4 21 
4 29 
5 8 
5 10 
5 15 
5 16 
5 18 
5 23 
5 24 
5 28 
6 9 
6 29 
7 11 
7 13 
7 15 
7 23 
7 26 
8 10 
8 11 
8 16 
8 17 
8 19 
8 22 
8 24 
9 13 
9 26 
9 27 
9 28 
9 29 
10 11 
10 24 
11 13 
11 14 
11 15 
11 17 
11 21 
11 26 
11 28 
11 29 
12 16 
12 18 
12 25 
13 14 
13 28 
14 28 
15 21 
15 22 
15 23 
15 24 
15 28 
16 17 
16 18 
16 20 
16 25 
17 18 
17 25 
18 21 
19 20 
19 25 
20 25 
21 23 
21 24 
21 28 
22 25 
23 24 
27 29 
