# Vertex1 Vertex2 Label
0 11 
0 15 
0 17 
0 25 
0 28 
1 2 
1 3 
1 11 
1 12 
1 14 
1 15 
1 17 
1 21 
1 22 
1 24 
1 25 
1 26 
2 6 
2 7 
2 9 
2 13 
2 14 
2 18 
2 20 
2 23 
2 26 
2 27 
2 28 
3 9 
3 17 
4 5 
4 23 
5 8 
5 23 
5 25 
6 16 
6 23 
6 27 
7 26 
7 27 
8 16 
9 10 
9 11 
9 19 
9 22 
9 28 
10 16 
10 26 
11 15 
11 22 
11 28 
12 14 
12 21 
13 20 
13 26 
14 15 
14 17 
14 21 
14 25 
14 28 
15 17 
15 24 
16 29 
17 24 
18 20 
18 26 
18 27 
19 22 
19 28 
20 26 
20 27 
20 28 
21 25 
22 24 
22 26 
23 27 
23 28 
24 25 
25 29 
26 27 
26 28 
