# Vertex1 Vertex2 Label
0 2 
0 5 
0 7 
0 12 
0 15 
0 18 
0 23 
0 26 
0 27 
1 16 
1 21 
1 22 
2 5 
2 10 
2 13 
2 18 
2 26 
2 27 
2 29 
3 4 
3 12 
3 18 
3 20 
3 27 
4 7 
4 12 
4 18 
4 20 
4 23 
4 27 
5 8 
5 12 
5 14 
5 15 
5 17 
5 21 
5 25 
5 26 
5 29 
6 8 
6 26 
7 9 
8 9 
8 26 
8 29 
9 11 
9 15 
9 26 
9 29 
10 12 
10 18 
10 24 
10 28 
11 16 
11 17 
11 19 
11 20 
11 21 
11 22 
11 26 
11 28 
12 18 
12 20 
12 21 
12 24 
12 26 
12 28 
13 15 
14 17 
14 19 
15 26 
17 19 
17 22 
17 26 
18 25 
18 28 
19 22 
20 21 
20 23 
20 26 
20 27 
20 28 
21 27 
24 25 
24 28 
