# Vertex1 Vertex2 Label
0 2 
0 7 
0 10 
0 13 
0 14 
0 16 
0 18 
0 19 
0 25 
0 27 
0 28 
1 9 
1 11 
1 12 
1 21 
2 3 
2 7 
2 10 
2 13 
2 14 
2 15 
2 16 
2 17 
2 18 
2 19 
2 22 
2 23 
2 25 
2 26 
2 28 
2 29 
3 7 
3 13 
3 16 
3 19 
4 20 
4 22 
4 24 
4 25 
4 27 
5 6 
5 17 
5 25 
7 10 
7 11 
7 13 
7 14 
7 15 
7 16 
7 23 
7 25 
7 26 
7 28 
8 21 
9 12 
9 17 
10 13 
10 16 
10 23 
10 28 
11 12 
11 14 
11 18 
11 25 
13 15 
13 17 
13 19 
13 25 
15 16 
15 17 
15 23 
15 25 
15 26 
15 28 
15 29 
16 19 
16 20 
16 25 
17 22 
17 25 
17 27 
19 23 
20 22 
20 27 
21 25 
22 23 
22 24 
22 25 
22 26 
22 27 
22 29 
23 27 
23 28 
23 29 
24 25 
24 27 
25 26 
25 27 
26 27 
26 28 
26 29 
27 29 
