# Vertex1 Vertex2 Label
0 2 
0 8 
0 13 
0 23 
0 29 
1 3 
1 14 
1 27 
2 9 
2 12 
2 13 
2 17 
2 25 
2 26 
2 29 
3 10 
3 11 
3 14 
3 28 
3 29 
4 7 
4 12 
5 18 
5 19 
5 20 
6 11 
6 16 
7 12 
7 18 
7 19 
7 20 
7 25 
8 12 
8 15 
8 17 
8 21 
8 22 
8 23 
8 24 
8 29 
9 10 
9 13 
9 25 
9 26 
9 29 
10 13 
10 25 
10 26 
10 27 
10 28 
10 29 
11 12 
11 14 
11 27 
11 28 
12 16 
12 17 
12 21 
12 24 
12 29 
13 15 
13 25 
13 26 
13 29 
14 18 
14 28 
15 17 
15 21 
15 22 
15 23 
15 24 
15 25 
15 29 
16 18 
16 24 
17 21 
17 22 
17 23 
17 24 
17 26 
17 29 
18 19 
18 20 
18 28 
19 20 
19 24 
20 25 
21 22 
21 23 
21 29 
22 23 
22 24 
23 25 
23 29 
24 25 
25 26 
26 29 
27 28 
28 29 
