# Vertex1 Vertex2 Label
0 6 
0 10 
0 16 
0 19 
0 20 
0 26 
0 27 
1 3 
1 26 
2 4 
2 11 
2 13 
2 17 
2 29 
3 8 
3 13 
3 21 
3 24 
4 5 
4 11 
4 17 
4 20 
4 22 
4 23 
4 29 
5 6 
5 12 
5 16 
5 20 
5 22 
5 29 
6 10 
6 19 
6 20 
6 22 
6 27 
7 9 
7 11 
7 20 
7 24 
7 25 
8 15 
8 24 
9 13 
9 18 
9 28 
10 16 
10 20 
10 22 
10 27 
11 15 
11 16 
11 17 
11 22 
11 23 
11 24 
11 29 
12 16 
12 22 
12 29 
14 24 
15 21 
15 24 
16 19 
16 20 
16 22 
16 27 
17 22 
17 23 
17 29 
18 24 
18 28 
19 20 
19 22 
19 27 
20 22 
20 27 
20 29 
21 26 
21 28 
22 23 
22 24 
22 27 
22 28 
22 29 
23 29 
24 28 
25 28 
25 29 
28 29 
