# Vertex1 Vertex2 Label
0 3 
0 5 
0 18 
0 20 
0 27 
0 29 
1 8 
1 12 
2 6 
2 9 
2 11 
2 14 
2 16 
2 19 
2 21 
2 22 
2 27 
3 4 
3 15 
3 16 
3 20 
3 26 
4 18 
4 26 
4 27 
4 29 
5 6 
5 7 
5 9 
5 11 
5 12 
5 13 
5 14 
5 16 
5 17 
5 25 
5 26 
6 7 
6 12 
6 25 
6 28 
7 10 
7 17 
7 28 
8 10 
9 12 
9 13 
9 14 
9 23 
9 25 
9 26 
9 28 
10 17 
10 28 
10 29 
11 21 
11 23 
11 24 
11 25 
12 14 
12 28 
13 23 
13 25 
13 28 
14 16 
15 20 
16 18 
16 19 
16 22 
16 24 
17 28 
18 19 
18 22 
19 22 
20 27 
21 22 
21 23 
21 24 
22 23 
23 24 
24 27 
25 28 
26 29 
