# Vertex1 Vertex2 Label
0 2 
0 3 
0 4 
0 17 
0 22 
1 9 
1 21 
2 7 
2 10 
2 11 
2 13 
2 17 
2 22 
2 25 
2 29 
3 4 
3 11 
3 18 
3 22 
4 8 
4 17 
4 22 
4 29 
5 6 
5 8 
5 22 
5 29 
6 8 
6 9 
6 11 
6 12 
6 14 
6 19 
6 21 
6 22 
6 26 
6 27 
6 28 
7 10 
7 22 
7 25 
8 9 
8 13 
8 22 
8 29 
9 20 
9 22 
9 26 
9 27 
9 28 
9 29 
10 18 
10 25 
11 13 
11 14 
11 18 
11 20 
11 22 
11 29 
12 23 
12 24 
12 27 
12 28 
13 17 
13 20 
13 22 
13 25 
14 26 
14 28 
15 16 
15 18 
16 18 
16 22 
17 20 
17 22 
18 24 
18 27 
18 28 
19 21 
19 23 
19 27 
21 24 
22 29 
23 27 
24 27 
27 28 
