# Vertex1 Vertex2 Label
0 14 
0 27 
1 5 
1 6 
1 9 
1 18 
1 24 
1 26 
1 28 
1 29 
2 4 
2 6 
2 7 
2 8 
2 12 
2 18 
2 19 
2 22 
2 26 
2 29 
3 14 
3 20 
3 26 
3 28 
4 9 
4 11 
4 12 
4 13 
4 18 
4 26 
5 6 
6 7 
6 14 
6 23 
6 24 
6 28 
7 23 
7 26 
7 27 
7 29 
8 18 
8 19 
8 26 
8 29 
9 11 
9 15 
9 16 
9 19 
9 24 
9 26 
10 13 
10 23 
10 25 
10 26 
11 12 
11 13 
11 19 
11 22 
11 26 
12 13 
12 17 
12 26 
12 29 
13 23 
14 20 
14 29 
15 16 
15 23 
16 23 
16 26 
17 18 
17 19 
18 19 
18 22 
18 26 
18 27 
18 29 
19 22 
19 23 
19 26 
19 29 
20 21 
21 28 
22 26 
22 29 
23 29 
24 25 
26 29 
27 28 
