# Vertex1 Vertex2 Label
0 15 
0 23 
0 28 
1 3 
1 4 
1 7 
2 21 
2 23 
2 28 
3 5 
3 11 
3 12 
3 14 
3 19 
3 20 
3 27 
4 19 
5 9 
5 12 
5 19 
5 20 
6 8 
6 18 
6 25 
6 26 
7 10 
7 14 
7 25 
7 26 
8 18 
8 26 
9 14 
9 20 
9 22 
9 27 
10 18 
10 25 
10 26 
11 12 
11 14 
11 16 
11 18 
11 19 
11 20 
11 22 
11 24 
11 27 
11 29 
12 14 
12 19 
12 20 
13 15 
13 16 
14 15 
14 22 
14 23 
14 27 
15 16 
15 19 
15 21 
15 23 
15 28 
16 18 
17 25 
18 26 
19 20 
19 22 
19 23 
19 27 
19 29 
21 23 
21 27 
21 28 
22 27 
23 28 
