# Vertex1 Vertex2 Label
0 1 
0 3 
0 13 
0 24 
0 29 
1 2 
1 24 
1 29 
2 8 
2 9 
2 12 
2 17 
2 19 
2 20 
2 21 
2 23 
2 27 
3 20 
3 24 
3 29 
4 5 
4 11 
4 19 
4 24 
5 11 
5 18 
5 19 
5 20 
6 7 
6 10 
6 25 
6 27 
7 13 
7 25 
7 27 
8 21 
9 10 
9 13 
9 27 
10 13 
10 21 
10 27 
11 19 
11 20 
11 26 
12 22 
12 27 
13 19 
13 27 
14 15 
14 16 
14 18 
14 19 
14 23 
14 26 
15 19 
15 23 
15 26 
16 26 
17 23 
18 19 
18 21 
18 23 
18 24 
18 27 
19 20 
19 23 
19 24 
20 21 
20 24 
20 26 
20 27 
22 24 
22 28 
23 26 
23 27 
24 27 
25 27 
27 28 
