# Vertex1 Vertex2 Label
0 12 
0 17 
0 20 
0 23 
0 26 
1 8 
1 24 
2 9 
2 15 
2 25 
3 4 
3 6 
3 7 
3 9 
3 12 
3 16 
3 17 
3 20 
3 25 
3 26 
4 6 
4 7 
4 8 
4 11 
4 12 
4 16 
4 21 
4 29 
5 10 
5 11 
5 13 
6 9 
6 16 
6 20 
6 26 
7 9 
7 10 
7 12 
7 16 
7 20 
7 22 
7 26 
7 28 
8 9 
8 21 
8 22 
8 23 
8 24 
9 11 
9 12 
9 16 
9 17 
9 20 
9 26 
9 29 
10 11 
10 21 
10 29 
11 12 
11 13 
11 21 
11 24 
11 29 
12 13 
12 20 
13 29 
14 25 
15 21 
16 17 
17 20 
17 26 
18 21 
18 22 
18 24 
18 28 
19 20 
20 25 
20 26 
21 22 
21 24 
21 25 
21 29 
22 24 
23 25 
24 28 
25 27 
