# Vertex1 Vertex2 Label
0 8 
0 9 
0 10 
0 16 
0 17 
1 2 
1 11 
1 15 
1 20 
1 23 
1 25 
2 4 
2 5 
2 6 
2 9 
2 10 
2 12 
2 13 
2 14 
2 20 
2 21 
2 22 
2 24 
2 25 
2 26 
2 27 
2 28 
2 29 
3 7 
3 8 
3 22 
3 26 
4 6 
4 18 
4 19 
4 24 
4 26 
4 27 
4 28 
5 14 
5 26 
5 27 
5 28 
6 8 
6 12 
6 19 
6 28 
7 8 
7 12 
7 22 
8 10 
9 10 
9 15 
9 17 
10 11 
10 16 
11 15 
11 23 
12 15 
12 19 
12 28 
13 24 
13 27 
14 18 
14 27 
15 16 
15 17 
15 18 
15 20 
15 23 
16 26 
18 19 
18 28 
19 28 
20 28 
24 25 
24 29 
25 29 
