# Vertex1 Vertex2 Label
0 4 
0 5 
0 8 
0 9 
0 15 
0 21 
0 27 
0 28 
0 29 
1 15 
1 16 
1 24 
2 3 
2 6 
2 7 
2 13 
2 14 
2 20 
3 4 
3 6 
3 7 
3 14 
3 17 
3 20 
3 22 
3 23 
3 25 
3 29 
4 12 
4 17 
4 23 
4 26 
5 8 
5 21 
5 28 
5 29 
6 7 
6 13 
6 14 
6 20 
7 13 
7 14 
7 17 
7 23 
8 18 
8 19 
8 21 
8 22 
8 28 
8 29 
9 15 
9 27 
9 29 
10 16 
10 21 
10 22 
11 15 
11 24 
12 14 
12 17 
12 23 
12 26 
14 20 
14 23 
14 26 
15 18 
15 21 
15 28 
15 29 
16 17 
16 23 
16 26 
17 20 
17 23 
17 26 
17 29 
18 19 
18 21 
18 27 
18 29 
19 20 
19 21 
19 29 
20 23 
20 25 
21 22 
21 24 
21 27 
21 29 
27 28 
27 29 
28 29 
