# Vertex1 Vertex2 Label
0 3 
0 6 
0 8 
0 10 
0 11 
0 12 
0 28 
1 8 
1 10 
1 12 
1 25 
2 8 
2 12 
2 22 
2 25 
2 28 
2 29 
3 5 
3 6 
3 9 
3 11 
3 12 
3 22 
3 28 
4 6 
4 9 
4 22 
4 29 
5 8 
5 12 
5 25 
6 22 
6 29 
7 8 
7 10 
7 19 
7 20 
7 21 
7 27 
8 10 
8 11 
8 16 
8 17 
8 18 
8 19 
8 20 
8 21 
8 24 
8 26 
8 27 
9 29 
10 17 
10 18 
10 19 
10 21 
10 23 
10 27 
11 12 
11 28 
12 28 
13 15 
13 19 
13 23 
13 27 
14 15 
14 16 
14 19 
14 20 
14 24 
14 27 
15 24 
16 20 
16 26 
16 27 
17 21 
17 23 
18 21 
18 23 
20 21 
20 27 
21 23 
23 27 
24 26 
28 29 
