# Vertex1 Vertex2 Label
0 3 
0 4 
0 8 
0 12 
0 13 
0 16 
0 29 
1 2 
1 7 
1 15 
1 17 
1 23 
1 28 
2 19 
2 23 
2 28 
3 4 
3 10 
4 5 
4 6 
4 7 
4 10 
4 13 
4 16 
4 20 
4 27 
5 6 
5 7 
5 8 
5 10 
5 17 
5 19 
5 20 
5 21 
6 9 
6 15 
6 16 
6 20 
6 23 
6 28 
7 9 
7 10 
7 20 
8 17 
9 20 
10 13 
10 20 
10 27 
11 13 
11 16 
11 22 
11 25 
11 29 
12 13 
12 16 
12 24 
12 26 
12 29 
13 24 
13 27 
14 15 
14 17 
14 19 
14 21 
15 17 
15 18 
15 20 
15 28 
16 17 
16 25 
16 29 
17 18 
17 19 
17 20 
17 21 
17 24 
17 25 
19 21 
20 28 
23 28 
24 29 
25 29 
