# Vertex1 Vertex2 Label
0 9 
0 19 
0 20 
0 29 
1 7 
1 9 
1 16 
1 17 
1 18 
1 21 
2 25 
2 26 
2 27 
2 29 
3 11 
3 13 
3 14 
3 15 
3 27 
4 8 
4 15 
4 23 
4 28 
5 6 
5 15 
5 17 
5 29 
6 15 
6 17 
6 21 
6 28 
6 29 
7 15 
7 16 
7 17 
7 21 
7 29 
8 11 
8 14 
8 27 
8 29 
9 15 
9 18 
9 19 
9 20 
9 22 
9 24 
9 29 
10 13 
10 14 
10 15 
11 14 
11 29 
12 13 
12 14 
12 17 
12 23 
13 14 
14 17 
14 26 
14 27 
14 29 
15 16 
15 17 
15 21 
15 23 
15 24 
15 28 
15 29 
16 17 
16 19 
17 18 
17 21 
18 21 
18 22 
18 24 
18 28 
18 29 
19 20 
19 24 
19 26 
19 29 
20 29 
22 24 
22 29 
23 28 
24 29 
25 26 
26 29 
27 29 
