# Vertex1 Vertex2 Label
0 5 
0 14 
0 18 
0 25 
1 2 
1 10 
1 17 
1 19 
1 23 
1 27 
1 29 
2 10 
2 27 
3 8 
3 13 
3 20 
3 21 
3 23 
3 25 
3 29 
4 14 
4 15 
4 23 
4 24 
4 27 
5 7 
5 11 
5 14 
5 18 
5 21 
5 25 
5 28 
6 12 
6 16 
6 26 
6 29 
7 8 
7 11 
7 13 
7 14 
7 15 
7 18 
7 20 
7 21 
7 24 
7 29 
8 11 
8 20 
8 25 
8 29 
9 21 
9 25 
10 22 
10 23 
11 25 
12 29 
13 18 
13 20 
13 24 
14 18 
14 24 
15 24 
16 26 
17 19 
17 22 
17 23 
19 23 
19 29 
21 25 
22 27 
22 29 
23 26 
23 27 
23 29 
26 28 
26 29 
28 29 
