# Vertex1 Vertex2 Label
0 3 
0 5 
0 14 
0 21 
1 6 
1 7 
1 16 
1 19 
1 21 
1 22 
1 27 
1 29 
2 13 
2 14 
2 26 
2 28 
3 10 
3 14 
3 16 
3 20 
3 22 
3 28 
4 13 
4 18 
4 20 
4 28 
5 16 
5 21 
6 9 
6 19 
6 22 
6 23 
6 24 
6 25 
7 9 
7 16 
7 22 
7 27 
8 14 
8 16 
8 21 
8 22 
9 11 
9 12 
9 15 
9 20 
9 22 
9 23 
9 24 
9 25 
10 13 
10 16 
10 28 
11 12 
11 15 
11 17 
11 24 
12 17 
12 19 
12 23 
12 24 
13 16 
13 26 
13 28 
14 16 
14 21 
15 17 
15 24 
15 28 
16 20 
16 21 
16 26 
16 28 
17 19 
17 23 
17 24 
17 28 
18 20 
19 21 
19 22 
19 23 
19 24 
19 25 
19 27 
19 29 
20 21 
20 22 
20 24 
20 26 
20 28 
21 22 
22 24 
22 27 
22 28 
22 29 
23 24 
23 25 
24 25 
24 28 
24 29 
26 28 
27 29 
