# Vertex1 Vertex2 Label
0 24 
0 23 
0 20 
0 14 
0 11 
0 6 
0 5 
0 3 
0 2 
0 1 
0 19 
0 18 
0 15 
0 13 
0 10 
0 7 
0 4 
1 30 
1 24 
1 3 
1 2 
1 19 
1 18 
1 15 
1 13 
1 11 
1 10 
1 4 
2 32 
2 9 
2 8 
2 5 
3 31 
3 24 
4 10 
4 7 
5 30 
6 30 
6 10 
6 9 
8 10 
8 9 
12 32 
12 31 
14 32 
14 31 
16 32 
16 31 
17 27 
17 26 
20 32 
20 31 
20 30 
20 29 
21 32 
21 29 
22 32 
22 28 
22 27 
23 30 
24 32 
24 30 
25 32 
25 31 
25 30 
25 29 
26 32 
26 28 
26 27 
27 32 
28 32 
29 32 
29 31 
29 30 
30 32 
30 31 
31 32 
